1 -29 2000
4 -29 2000
2 -29 2000
17 -29 300
18 -29 400
5 -29 2000
7 -29 300
8 -29 100
10 -29 50
9 -29 50
11 -29 25
12 -29 200
13 -29 130
14 -29 60
15 -29 60
16 -29 60
19 -29 100
20 -29 400
21 -29 50
22 -29 40
23 -29 30
24 -29 440
25 -29 64
27 -29 120
28 -29 10
29 -29 33
30 -29 50
31 -29 43
33 -29 53
35 -29 700
37 -29 20
38 -29 30
39 -29 30
40 -29 30
41 -29 23
42 -29 50
43 -29 800
44 -29 700
45 -29 650
46 -29 56
47 -29 103
49 -29 77
50 -29 300
51 -29 35
53 -29 77
54 -29 140
55 -29 150
56 -29 76
57 -29 30
58 -29 10
59 -29 300
60 -29 1500
61 -29 50
63 -29 50
64 -29 30
65 -29 100
66 -29 150
67 -29 100
68 -29 30
69 -29 20
70 -29 20
71 -29 10
72 -29 10
73 -29 50
75 -29 37
76 -29 37
77 -29 13
78 -29 200
79 -29 50
80 -29 240
81 -29 99
82 -29 64
83 -29 200
84 -29 13
85 -29 400
86 -29 200
87 -29 770
88 -29 200
89 -29 150
90 -29 6
91 -29 83
92 -29 10
93 -29 10
94 -29 10
96 -29 10
97 -29 433
98 -29 500
99 -29 200
100 -29 200
101 -29 230
102 -29 400
103 -29 200
104 -29 100
105 -29 100
106 -29 100
107 -29 5
108 -29 100
109 -29 100
110 -29 86
111 -29 88
112 -29 230
113 -29 222
114 -29 222
115 -29 20
116 -29 1
117 -29 5
118 -29 3
121 -29 300
122 -29 10
123 -29 20
124 -29 30
125 -29 200
126 -29 200
127 -29 10
128 -29 30
129 -29 30
130 -29 1
131 -29 1
132 -29 5
133 -29 13
134 -29 20
138 -29 3
139 -29 100
140 -29 50
141 -29 80
142 -29 80
143 -29 3
144 -29 20
145 -29 3
146 -29 10
147 -29 1
148 -29 1
149 -29 1
150 -29 2
151 -29 3
152 -29 13
153 -29 3
154 -29 40
155 -29 30
156 -29 50
157 -29 2
158 -29 10
159 -29 300
170 -29 10
171 -29 300
